hour, heat, smold_frac, plume_bot, plume_top
0, 0.000000, 1.000000, 0.000000, 0.000000
1, 0.000000, 1.000000, 0.000000, 0.000000
2, 0.000000, 1.000000, 0.000000, 0.000000
3, 0.000000, 1.000000, 0.000000, 0.000000
4, 0.000000, 1.000000, 0.000000, 0.000000
5, 0.000000, 1.000000, 0.000000, 0.000000
6, 0.000000, 1.000000, 0.000000, 0.000000
7, 0.000000, 1.000000, 0.000000, 0.000000
8, 0.000000, 1.000000, 0.000000, 0.000000
9, 0.000000, 1.000000, 0.000000, 0.000000
10, 2462.413783, 0.989444, 1.110956, 0.371988
11, 2466.223369, 0.989444, 1.110956, 0.372334
12, 1646.504499, 0.992963, 1.110956, 0.292180
13, 1236.460688, 0.994722, 1.110956, 0.246049
14, 990.253871, 0.995778, 1.110956, 0.215358
15, 825.941459, 0.996481, 1.110956, 0.193144
16, 708.409075, 0.996984, 1.110956, 0.176150
17, 620.103497, 0.997361, 1.110956, 0.162626
18, 551.276480, 0.997654, 1.110956, 0.151543
19, 0.000000, 1.000000, 0.000000, 0.000000
20, 0.000000, 1.000000, 0.000000, 0.000000
21, 0.000000, 1.000000, 0.000000, 0.000000
22, 0.000000, 1.000000, 0.000000, 0.000000
23, 0.000000, 1.000000, 0.000000, 0.000000
24, 0.000000, 1.000000, 0.000000, 0.000000
25, 0.000000, 1.000000, 0.000000, 0.000000
26, 0.000000, 1.000000, 0.000000, 0.000000
27, 0.000000, 1.000000, 0.000000, 0.000000
28, 0.000000, 1.000000, 0.000000, 0.000000
29, 0.000000, 1.000000, 0.000000, 0.000000
30, 0.000000, 1.000000, 0.000000, 0.000000
31, 0.000000, 1.000000, 0.000000, 0.000000
32, 0.000000, 1.000000, 0.000000, 0.000000
33, 0.000000, 1.000000, 0.000000, 0.000000
34, 0.000000, 1.000000, 0.000000, 0.000000
35, 0.000000, 1.000000, 0.000000, 0.000000
36, 0.000000, 1.000000, 0.000000, 0.000000
37, 0.000000, 1.000000, 0.000000, 0.000000
38, 0.000000, 1.000000, 0.000000, 0.000000
39, 0.000000, 1.000000, 0.000000, 0.000000
40, 0.000000, 1.000000, 0.000000, 0.000000
41, 0.000000, 1.000000, 0.000000, 0.000000
42, 0.000000, 1.000000, 0.000000, 0.000000
43, 0.000000, 1.000000, 0.000000, 0.000000
44, 0.000000, 1.000000, 0.000000, 0.000000
45, 0.000000, 1.000000, 0.000000, 0.000000
46, 0.000000, 1.000000, 0.000000, 0.000000
47, 0.000000, 1.000000, 0.000000, 0.000000
