hour, heat, smold_frac, plume_bot, plume_top
0, 0.000000, 1.000000, 0.000000, 0.000000
1, 0.000000, 1.000000, 0.000000, 0.000000
2, 0.000000, 1.000000, 0.000000, 0.000000
3, 0.000000, 1.000000, 0.000000, 0.000000
4, 0.000000, 1.000000, 0.000000, 0.000000
5, 0.000000, 1.000000, 0.000000, 0.000000
6, 0.000000, 1.000000, 0.000000, 0.000000
7, 0.000000, 1.000000, 0.000000, 0.000000
8, 0.000000, 1.000000, 0.000000, 0.000000
9, 0.000000, 1.000000, 0.000000, 0.000000
10, 61430.575818, 0.989444, 1.110956, 2.562970
11, 61599.515226, 0.989444, 1.110956, 2.567197
12, 41161.911081, 0.992963, 1.110956, 2.015627
13, 30936.632370, 0.994722, 1.110956, 1.698230
14, 24794.690556, 0.995778, 1.110956, 1.487058
15, 20693.205336, 0.996481, 1.110956, 1.334165
16, 17756.810073, 0.996984, 1.110956, 1.217115
17, 15547.992645, 0.997361, 1.110956, 1.123873
18, 13823.853884, 0.997654, 1.110956, 1.047346
19, 0.000000, 1.000000, 0.000000, 0.000000
20, 0.000000, 1.000000, 0.000000, 0.000000
21, 0.000000, 1.000000, 0.000000, 0.000000
22, 0.000000, 1.000000, 0.000000, 0.000000
23, 0.000000, 1.000000, 0.000000, 0.000000
24, 0.000000, 1.000000, 0.000000, 0.000000
25, 0.000000, 1.000000, 0.000000, 0.000000
26, 0.000000, 1.000000, 0.000000, 0.000000
27, 0.000000, 1.000000, 0.000000, 0.000000
28, 0.000000, 1.000000, 0.000000, 0.000000
29, 0.000000, 1.000000, 0.000000, 0.000000
30, 0.000000, 1.000000, 0.000000, 0.000000
31, 0.000000, 1.000000, 0.000000, 0.000000
32, 0.000000, 1.000000, 0.000000, 0.000000
33, 0.000000, 1.000000, 0.000000, 0.000000
34, 0.000000, 1.000000, 0.000000, 0.000000
35, 0.000000, 1.000000, 0.000000, 0.000000
36, 0.000000, 1.000000, 0.000000, 0.000000
37, 0.000000, 1.000000, 0.000000, 0.000000
38, 0.000000, 1.000000, 0.000000, 0.000000
39, 0.000000, 1.000000, 0.000000, 0.000000
40, 0.000000, 1.000000, 0.000000, 0.000000
41, 0.000000, 1.000000, 0.000000, 0.000000
42, 0.000000, 1.000000, 0.000000, 0.000000
43, 0.000000, 1.000000, 0.000000, 0.000000
44, 0.000000, 1.000000, 0.000000, 0.000000
45, 0.000000, 1.000000, 0.000000, 0.000000
46, 0.000000, 1.000000, 0.000000, 0.000000
47, 0.000000, 1.000000, 0.000000, 0.000000
