hour, flame_CO2, flame_CO, flame_CH4, flame_PM25, flame_PM10, flame_NOx, flame_SO2, flame_NH3, flame_VOC, total_flame, smold_CO2, smold_CO, smold_CH4, smold_PM25, smold_PM10, smold_NOx, smold_SO2, smold_NH3, smold_VOC, total_smold, resid_CO2, resid_CO, resid_CH4, resid_PM25, resid_PM10, resid_NOx, resid_SO2, resid_NH3, resid_VOC, total_resid, CO2, CO, CH4, PM25, PM10, NOx, SO2, NH3, VOC, total
0, 0.000000, 0.000000, 0.000000, 0.000000, 0.000000, 0.000000, 0.000000, 0.000000, 0.000000, 0.000000, 0.000000, 0.000000, 0.000000, 0.000000, 0.000000, 0.000000, 0.000000, 0.000000, 0.000000, 0.000000, 0.000000, 0.000000, 0.000000, 0.000000, 0.000000, 0.000000, 0.000000, 0.000000, 0.000000, 0.000000, 0.000000, 0.000000, 0.000000, 0.000000, 0.000000, 0.000000, 0.000000, 0.000000, 0.000000, 0.000000
1, 0.000000, 0.000000, 0.000000, 0.000000, 0.000000, 0.000000, 0.000000, 0.000000, 0.000000, 0.000000, 0.000000, 0.000000, 0.000000, 0.000000, 0.000000, 0.000000, 0.000000, 0.000000, 0.000000, 0.000000, 0.000000, 0.000000, 0.000000, 0.000000, 0.000000, 0.000000, 0.000000, 0.000000, 0.000000, 0.000000, 0.000000, 0.000000, 0.000000, 0.000000, 0.000000, 0.000000, 0.000000, 0.000000, 0.000000, 0.000000
2, 0.000000, 0.000000, 0.000000, 0.000000, 0.000000, 0.000000, 0.000000, 0.000000, 0.000000, 0.000000, 0.000000, 0.000000, 0.000000, 0.000000, 0.000000, 0.000000, 0.000000, 0.000000, 0.000000, 0.000000, 0.000000, 0.000000, 0.000000, 0.000000, 0.000000, 0.000000, 0.000000, 0.000000, 0.000000, 0.000000, 0.000000, 0.000000, 0.000000, 0.000000, 0.000000, 0.000000, 0.000000, 0.000000, 0.000000, 0.000000
3, 0.000000, 0.000000, 0.000000, 0.000000, 0.000000, 0.000000, 0.000000, 0.000000, 0.000000, 0.000000, 0.000000, 0.000000, 0.000000, 0.000000, 0.000000, 0.000000, 0.000000, 0.000000, 0.000000, 0.000000, 0.000000, 0.000000, 0.000000, 0.000000, 0.000000, 0.000000, 0.000000, 0.000000, 0.000000, 0.000000, 0.000000, 0.000000, 0.000000, 0.000000, 0.000000, 0.000000, 0.000000, 0.000000, 0.000000, 0.000000
4, 0.000000, 0.000000, 0.000000, 0.000000, 0.000000, 0.000000, 0.000000, 0.000000, 0.000000, 0.000000, 0.000000, 0.000000, 0.000000, 0.000000, 0.000000, 0.000000, 0.000000, 0.000000, 0.000000, 0.000000, 0.000000, 0.000000, 0.000000, 0.000000, 0.000000, 0.000000, 0.000000, 0.000000, 0.000000, 0.000000, 0.000000, 0.000000, 0.000000, 0.000000, 0.000000, 0.000000, 0.000000, 0.000000, 0.000000, 0.000000
5, 0.000000, 0.000000, 0.000000, 0.000000, 0.000000, 0.000000, 0.000000, 0.000000, 0.000000, 0.000000, 0.000000, 0.000000, 0.000000, 0.000000, 0.000000, 0.000000, 0.000000, 0.000000, 0.000000, 0.000000, 0.000000, 0.000000, 0.000000, 0.000000, 0.000000, 0.000000, 0.000000, 0.000000, 0.000000, 0.000000, 0.000000, 0.000000, 0.000000, 0.000000, 0.000000, 0.000000, 0.000000, 0.000000, 0.000000, 0.000000
6, 0.000000, 0.000000, 0.000000, 0.000000, 0.000000, 0.000000, 0.000000, 0.000000, 0.000000, 0.000000, 0.000000, 0.000000, 0.000000, 0.000000, 0.000000, 0.000000, 0.000000, 0.000000, 0.000000, 0.000000, 0.000000, 0.000000, 0.000000, 0.000000, 0.000000, 0.000000, 0.000000, 0.000000, 0.000000, 0.000000, 0.000000, 0.000000, 0.000000, 0.000000, 0.000000, 0.000000, 0.000000, 0.000000, 0.000000, 0.000000
7, 0.000000, 0.000000, 0.000000, 0.000000, 0.000000, 0.000000, 0.000000, 0.000000, 0.000000, 0.000000, 0.000000, 0.000000, 0.000000, 0.000000, 0.000000, 0.000000, 0.000000, 0.000000, 0.000000, 0.000000, 0.000000, 0.000000, 0.000000, 0.000000, 0.000000, 0.000000, 0.000000, 0.000000, 0.000000, 0.000000, 0.000000, 0.000000, 0.000000, 0.000000, 0.000000, 0.000000, 0.000000, 0.000000, 0.000000, 0.000000
8, 0.000000, 0.000000, 0.000000, 0.000000, 0.000000, 0.000000, 0.000000, 0.000000, 0.000000, 0.000000, 0.000000, 0.000000, 0.000000, 0.000000, 0.000000, 0.000000, 0.000000, 0.000000, 0.000000, 0.000000, 0.000000, 0.000000, 0.000000, 0.000000, 0.000000, 0.000000, 0.000000, 0.000000, 0.000000, 0.000000, 0.000000, 0.000000, 0.000000, 0.000000, 0.000000, 0.000000, 0.000000, 0.000000, 0.000000, 0.000000
9, 0.000000, 0.000000, 0.000000, 0.000000, 0.000000, 0.000000, 0.000000, 0.000000, 0.000000, 0.000000, 0.000000, 0.000000, 0.000000, 0.000000, 0.000000, 0.000000, 0.000000, 0.000000, 0.000000, 0.000000, 0.000000, 0.000000, 0.000000, 0.000000, 0.000000, 0.000000, 0.000000, 0.000000, 0.000000, 0.000000, 0.000000, 0.000000, 0.000000, 0.000000, 0.000000, 0.000000, 0.000000, 0.000000, 0.000000, 0.000000
10, 0.504903, 0.021975, 0.001169, 0.002228, 0.002629, 0.000741, 0.000300, 0.000369, 0.005308, 0.539622, 0.018068, 0.002725, 0.000128, 0.000216, 0.000255, 0.000012, 0.000013, 0.000044, 0.000636, 0.022096, 0.000122, 0.000018, 0.000001, 0.000001, 0.000002, 0.000000, 0.000000, 0.000000, 0.000004, 0.000149, 0.523093, 0.024718, 0.001298, 0.002445, 0.002885, 0.000753, 0.000313, 0.000414, 0.005948, 0.561867
11, 0.504953, 0.021977, 0.001169, 0.002228, 0.002629, 0.000741, 0.000300, 0.000369, 0.005308, 0.539676, 0.021306, 0.003214, 0.000151, 0.000254, 0.000300, 0.000014, 0.000015, 0.000052, 0.000750, 0.026056, 0.000246, 0.000037, 0.000002, 0.000003, 0.000003, 0.000000, 0.000000, 0.000001, 0.000009, 0.000301, 0.526505, 0.025228, 0.001322, 0.002486, 0.002933, 0.000755, 0.000315, 0.000422, 0.006067, 0.566032
12, 0.504953, 0.021977, 0.001169, 0.002228, 0.002629, 0.000741, 0.000300, 0.000369, 0.005308, 0.539676, 0.024294, 0.003664, 0.000172, 0.000290, 0.000342, 0.000016, 0.000017, 0.000059, 0.000855, 0.029710, 0.000372, 0.000056, 0.000003, 0.000004, 0.000005, 0.000000, 0.000000, 0.000001, 0.000013, 0.000455, 0.529619, 0.025697, 0.001344, 0.002523, 0.002977, 0.000757, 0.000317, 0.000430, 0.006176, 0.569840
13, 0.504953, 0.021977, 0.001169, 0.002228, 0.002629, 0.000741, 0.000300, 0.000369, 0.005308, 0.539676, 0.026959, 0.004066, 0.000191, 0.000322, 0.000380, 0.000018, 0.000019, 0.000066, 0.000949, 0.032969, 0.000496, 0.000075, 0.000003, 0.000006, 0.000007, 0.000000, 0.000000, 0.000001, 0.000017, 0.000606, 0.532408, 0.026118, 0.001364, 0.002556, 0.003016, 0.000759, 0.000319, 0.000436, 0.006274, 0.573251
14, 0.504953, 0.021977, 0.001169, 0.002228, 0.002629, 0.000741, 0.000300, 0.000369, 0.005308, 0.539676, 0.029235, 0.004410, 0.000207, 0.000349, 0.000412, 0.000019, 0.000021, 0.000072, 0.001029, 0.035752, 0.000616, 0.000093, 0.000004, 0.000007, 0.000009, 0.000000, 0.000000, 0.000002, 0.000022, 0.000754, 0.534804, 0.026480, 0.001381, 0.002585, 0.003050, 0.000760, 0.000321, 0.000442, 0.006359, 0.576182
15, 0.504953, 0.021977, 0.001169, 0.002228, 0.002629, 0.000741, 0.000300, 0.000369, 0.005308, 0.539676, 0.031066, 0.004686, 0.000220, 0.000371, 0.000438, 0.000020, 0.000022, 0.000076, 0.001093, 0.037992, 0.000730, 0.000110, 0.000005, 0.000009, 0.000010, 0.000000, 0.000001, 0.000002, 0.000026, 0.000893, 0.536750, 0.026773, 0.001394, 0.002608, 0.003077, 0.000761, 0.000322, 0.000447, 0.006427, 0.578561
16, 0.504953, 0.021977, 0.001169, 0.002228, 0.002629, 0.000741, 0.000300, 0.000369, 0.005308, 0.539676, 0.032407, 0.004888, 0.000230, 0.000387, 0.000457, 0.000021, 0.000023, 0.000079, 0.001140, 0.039632, 0.000836, 0.000126, 0.000006, 0.000010, 0.000012, 0.000001, 0.000001, 0.000002, 0.000029, 0.001022, 0.538196, 0.026991, 0.001405, 0.002625, 0.003098, 0.000762, 0.000323, 0.000451, 0.006478, 0.580330
17, 0.504953, 0.021977, 0.001169, 0.002228, 0.002629, 0.000741, 0.000300, 0.000369, 0.005308, 0.539676, 0.033225, 0.005011, 0.000235, 0.000397, 0.000468, 0.000022, 0.000023, 0.000081, 0.001169, 0.040633, 0.000931, 0.000140, 0.000007, 0.000011, 0.000013, 0.000001, 0.000001, 0.000002, 0.000033, 0.001138, 0.539110, 0.027129, 0.001411, 0.002636, 0.003111, 0.000763, 0.000324, 0.000453, 0.006510, 0.581446
18, 0.504953, 0.021977, 0.001169, 0.002228, 0.002629, 0.000741, 0.000300, 0.000369, 0.005308, 0.539676, 0.033500, 0.005053, 0.000237, 0.000400, 0.000472, 0.000022, 0.000024, 0.000082, 0.001179, 0.040969, 0.001013, 0.000153, 0.000007, 0.000012, 0.000014, 0.000001, 0.000001, 0.000003, 0.000036, 0.001239, 0.539467, 0.027183, 0.001414, 0.002640, 0.003116, 0.000763, 0.000324, 0.000454, 0.006523, 0.581883
19, 0.000050, 0.000002, 0.000000, 0.000000, 0.000000, 0.000000, 0.000000, 0.000000, 0.000001, 0.000053, 0.000000, 0.000000, 0.000000, 0.000000, 0.000000, 0.000000, 0.000000, 0.000000, 0.000000, 0.000000, 0.000857, 0.000129, 0.000006, 0.000010, 0.000012, 0.000001, 0.000001, 0.000002, 0.000030, 0.001048, 0.000907, 0.000131, 0.000006, 0.000010, 0.000012, 0.000001, 0.000001, 0.000002, 0.000031, 0.001102
20, 0.000000, 0.000000, 0.000000, 0.000000, 0.000000, 0.000000, 0.000000, 0.000000, 0.000000, 0.000000, 0.000000, 0.000000, 0.000000, 0.000000, 0.000000, 0.000000, 0.000000, 0.000000, 0.000000, 0.000000, 0.000725, 0.000109, 0.000005, 0.000009, 0.000010, 0.000000, 0.000001, 0.000002, 0.000026, 0.000887, 0.000725, 0.000109, 0.000005, 0.000009, 0.000010, 0.000000, 0.000001, 0.000002, 0.000026, 0.000887
21, 0.000000, 0.000000, 0.000000, 0.000000, 0.000000, 0.000000, 0.000000, 0.000000, 0.000000, 0.000000, 0.000000, 0.000000, 0.000000, 0.000000, 0.000000, 0.000000, 0.000000, 0.000000, 0.000000, 0.000000, 0.000614, 0.000093, 0.000004, 0.000007, 0.000009, 0.000000, 0.000000, 0.000002, 0.000022, 0.000751, 0.000614, 0.000093, 0.000004, 0.000007, 0.000009, 0.000000, 0.000000, 0.000002, 0.000022, 0.000751
22, 0.000000, 0.000000, 0.000000, 0.000000, 0.000000, 0.000000, 0.000000, 0.000000, 0.000000, 0.000000, 0.000000, 0.000000, 0.000000, 0.000000, 0.000000, 0.000000, 0.000000, 0.000000, 0.000000, 0.000000, 0.000519, 0.000078, 0.000004, 0.000006, 0.000007, 0.000000, 0.000000, 0.000001, 0.000018, 0.000635, 0.000519, 0.000078, 0.000004, 0.000006, 0.000007, 0.000000, 0.000000, 0.000001, 0.000018, 0.000635
23, 0.000000, 0.000000, 0.000000, 0.000000, 0.000000, 0.000000, 0.000000, 0.000000, 0.000000, 0.000000, 0.000000, 0.000000, 0.000000, 0.000000, 0.000000, 0.000000, 0.000000, 0.000000, 0.000000, 0.000000, 0.000439, 0.000066, 0.000003, 0.000005, 0.000006, 0.000000, 0.000000, 0.000001, 0.000015, 0.000537, 0.000439, 0.000066, 0.000003, 0.000005, 0.000006, 0.000000, 0.000000, 0.000001, 0.000015, 0.000537
24, 0.000000, 0.000000, 0.000000, 0.000000, 0.000000, 0.000000, 0.000000, 0.000000, 0.000000, 0.000000, 0.000000, 0.000000, 0.000000, 0.000000, 0.000000, 0.000000, 0.000000, 0.000000, 0.000000, 0.000000, 0.000372, 0.000056, 0.000003, 0.000004, 0.000005, 0.000000, 0.000000, 0.000001, 0.000013, 0.000455, 0.000372, 0.000056, 0.000003, 0.000004, 0.000005, 0.000000, 0.000000, 0.000001, 0.000013, 0.000455
25, 0.000000, 0.000000, 0.000000, 0.000000, 0.000000, 0.000000, 0.000000, 0.000000, 0.000000, 0.000000, 0.000000, 0.000000, 0.000000, 0.000000, 0.000000, 0.000000, 0.000000, 0.000000, 0.000000, 0.000000, 0.000315, 0.000047, 0.000002, 0.000004, 0.000004, 0.000000, 0.000000, 0.000001, 0.000011, 0.000385, 0.000315, 0.000047, 0.000002, 0.000004, 0.000004, 0.000000, 0.000000, 0.000001, 0.000011, 0.000385
26, 0.000000, 0.000000, 0.000000, 0.000000, 0.000000, 0.000000, 0.000000, 0.000000, 0.000000, 0.000000, 0.000000, 0.000000, 0.000000, 0.000000, 0.000000, 0.000000, 0.000000, 0.000000, 0.000000, 0.000000, 0.000266, 0.000040, 0.000002, 0.000003, 0.000004, 0.000000, 0.000000, 0.000001, 0.000009, 0.000326, 0.000266, 0.000040, 0.000002, 0.000003, 0.000004, 0.000000, 0.000000, 0.000001, 0.000009, 0.000326
27, 0.000000, 0.000000, 0.000000, 0.000000, 0.000000, 0.000000, 0.000000, 0.000000, 0.000000, 0.000000, 0.000000, 0.000000, 0.000000, 0.000000, 0.000000, 0.000000, 0.000000, 0.000000, 0.000000, 0.000000, 0.000225, 0.000034, 0.000002, 0.000003, 0.000003, 0.000000, 0.000000, 0.000001, 0.000008, 0.000276, 0.000225, 0.000034, 0.000002, 0.000003, 0.000003, 0.000000, 0.000000, 0.000001, 0.000008, 0.000276
28, 0.000000, 0.000000, 0.000000, 0.000000, 0.000000, 0.000000, 0.000000, 0.000000, 0.000000, 0.000000, 0.000000, 0.000000, 0.000000, 0.000000, 0.000000, 0.000000, 0.000000, 0.000000, 0.000000, 0.000000, 0.000191, 0.000029, 0.000001, 0.000002, 0.000003, 0.000000, 0.000000, 0.000000, 0.000007, 0.000233, 0.000191, 0.000029, 0.000001, 0.000002, 0.000003, 0.000000, 0.000000, 0.000000, 0.000007, 0.000233
29, 0.000000, 0.000000, 0.000000, 0.000000, 0.000000, 0.000000, 0.000000, 0.000000, 0.000000, 0.000000, 0.000000, 0.000000, 0.000000, 0.000000, 0.000000, 0.000000, 0.000000, 0.000000, 0.000000, 0.000000, 0.000161, 0.000024, 0.000001, 0.000002, 0.000002, 0.000000, 0.000000, 0.000000, 0.000006, 0.000197, 0.000161, 0.000024, 0.000001, 0.000002, 0.000002, 0.000000, 0.000000, 0.000000, 0.000006, 0.000197
30, 0.000000, 0.000000, 0.000000, 0.000000, 0.000000, 0.000000, 0.000000, 0.000000, 0.000000, 0.000000, 0.000000, 0.000000, 0.000000, 0.000000, 0.000000, 0.000000, 0.000000, 0.000000, 0.000000, 0.000000, 0.000137, 0.000021, 0.000001, 0.000002, 0.000002, 0.000000, 0.000000, 0.000000, 0.000005, 0.000167, 0.000137, 0.000021, 0.000001, 0.000002, 0.000002, 0.000000, 0.000000, 0.000000, 0.000005, 0.000167
31, 0.000000, 0.000000, 0.000000, 0.000000, 0.000000, 0.000000, 0.000000, 0.000000, 0.000000, 0.000000, 0.000000, 0.000000, 0.000000, 0.000000, 0.000000, 0.000000, 0.000000, 0.000000, 0.000000, 0.000000, 0.000116, 0.000017, 0.000001, 0.000001, 0.000002, 0.000000, 0.000000, 0.000000, 0.000004, 0.000141, 0.000116, 0.000017, 0.000001, 0.000001, 0.000002, 0.000000, 0.000000, 0.000000, 0.000004, 0.000141
32, 0.000000, 0.000000, 0.000000, 0.000000, 0.000000, 0.000000, 0.000000, 0.000000, 0.000000, 0.000000, 0.000000, 0.000000, 0.000000, 0.000000, 0.000000, 0.000000, 0.000000, 0.000000, 0.000000, 0.000000, 0.000098, 0.000015, 0.000001, 0.000001, 0.000001, 0.000000, 0.000000, 0.000000, 0.000003, 0.000120, 0.000098, 0.000015, 0.000001, 0.000001, 0.000001, 0.000000, 0.000000, 0.000000, 0.000003, 0.000120
33, 0.000000, 0.000000, 0.000000, 0.000000, 0.000000, 0.000000, 0.000000, 0.000000, 0.000000, 0.000000, 0.000000, 0.000000, 0.000000, 0.000000, 0.000000, 0.000000, 0.000000, 0.000000, 0.000000, 0.000000, 0.000083, 0.000012, 0.000001, 0.000001, 0.000001, 0.000000, 0.000000, 0.000000, 0.000003, 0.000101, 0.000083, 0.000012, 0.000001, 0.000001, 0.000001, 0.000000, 0.000000, 0.000000, 0.000003, 0.000101
34, 0.000000, 0.000000, 0.000000, 0.000000, 0.000000, 0.000000, 0.000000, 0.000000, 0.000000, 0.000000, 0.000000, 0.000000, 0.000000, 0.000000, 0.000000, 0.000000, 0.000000, 0.000000, 0.000000, 0.000000, 0.000070, 0.000011, 0.000000, 0.000001, 0.000001, 0.000000, 0.000000, 0.000000, 0.000002, 0.000086, 0.000070, 0.000011, 0.000000, 0.000001, 0.000001, 0.000000, 0.000000, 0.000000, 0.000002, 0.000086
35, 0.000000, 0.000000, 0.000000, 0.000000, 0.000000, 0.000000, 0.000000, 0.000000, 0.000000, 0.000000, 0.000000, 0.000000, 0.000000, 0.000000, 0.000000, 0.000000, 0.000000, 0.000000, 0.000000, 0.000000, 0.000059, 0.000009, 0.000000, 0.000001, 0.000001, 0.000000, 0.000000, 0.000000, 0.000002, 0.000072, 0.000059, 0.000009, 0.000000, 0.000001, 0.000001, 0.000000, 0.000000, 0.000000, 0.000002, 0.000072
36, 0.000000, 0.000000, 0.000000, 0.000000, 0.000000, 0.000000, 0.000000, 0.000000, 0.000000, 0.000000, 0.000000, 0.000000, 0.000000, 0.000000, 0.000000, 0.000000, 0.000000, 0.000000, 0.000000, 0.000000, 0.000050, 0.000008, 0.000000, 0.000001, 0.000001, 0.000000, 0.000000, 0.000000, 0.000002, 0.000061, 0.000050, 0.000008, 0.000000, 0.000001, 0.000001, 0.000000, 0.000000, 0.000000, 0.000002, 0.000061
37, 0.000000, 0.000000, 0.000000, 0.000000, 0.000000, 0.000000, 0.000000, 0.000000, 0.000000, 0.000000, 0.000000, 0.000000, 0.000000, 0.000000, 0.000000, 0.000000, 0.000000, 0.000000, 0.000000, 0.000000, 0.000042, 0.000006, 0.000000, 0.000001, 0.000001, 0.000000, 0.000000, 0.000000, 0.000001, 0.000052, 0.000042, 0.000006, 0.000000, 0.000001, 0.000001, 0.000000, 0.000000, 0.000000, 0.000001, 0.000052
38, 0.000000, 0.000000, 0.000000, 0.000000, 0.000000, 0.000000, 0.000000, 0.000000, 0.000000, 0.000000, 0.000000, 0.000000, 0.000000, 0.000000, 0.000000, 0.000000, 0.000000, 0.000000, 0.000000, 0.000000, 0.000036, 0.000005, 0.000000, 0.000000, 0.000001, 0.000000, 0.000000, 0.000000, 0.000001, 0.000044, 0.000036, 0.000005, 0.000000, 0.000000, 0.000001, 0.000000, 0.000000, 0.000000, 0.000001, 0.000044
39, 0.000000, 0.000000, 0.000000, 0.000000, 0.000000, 0.000000, 0.000000, 0.000000, 0.000000, 0.000000, 0.000000, 0.000000, 0.000000, 0.000000, 0.000000, 0.000000, 0.000000, 0.000000, 0.000000, 0.000000, 0.000030, 0.000005, 0.000000, 0.000000, 0.000000, 0.000000, 0.000000, 0.000000, 0.000001, 0.000037, 0.000030, 0.000005, 0.000000, 0.000000, 0.000000, 0.000000, 0.000000, 0.000000, 0.000001, 0.000037
40, 0.000000, 0.000000, 0.000000, 0.000000, 0.000000, 0.000000, 0.000000, 0.000000, 0.000000, 0.000000, 0.000000, 0.000000, 0.000000, 0.000000, 0.000000, 0.000000, 0.000000, 0.000000, 0.000000, 0.000000, 0.000026, 0.000004, 0.000000, 0.000000, 0.000000, 0.000000, 0.000000, 0.000000, 0.000001, 0.000031, 0.000026, 0.000004, 0.000000, 0.000000, 0.000000, 0.000000, 0.000000, 0.000000, 0.000001, 0.000031
41, 0.000000, 0.000000, 0.000000, 0.000000, 0.000000, 0.000000, 0.000000, 0.000000, 0.000000, 0.000000, 0.000000, 0.000000, 0.000000, 0.000000, 0.000000, 0.000000, 0.000000, 0.000000, 0.000000, 0.000000, 0.000022, 0.000003, 0.000000, 0.000000, 0.000000, 0.000000, 0.000000, 0.000000, 0.000001, 0.000027, 0.000022, 0.000003, 0.000000, 0.000000, 0.000000, 0.000000, 0.000000, 0.000000, 0.000001, 0.000027
42, 0.000000, 0.000000, 0.000000, 0.000000, 0.000000, 0.000000, 0.000000, 0.000000, 0.000000, 0.000000, 0.000000, 0.000000, 0.000000, 0.000000, 0.000000, 0.000000, 0.000000, 0.000000, 0.000000, 0.000000, 0.000018, 0.000003, 0.000000, 0.000000, 0.000000, 0.000000, 0.000000, 0.000000, 0.000001, 0.000023, 0.000018, 0.000003, 0.000000, 0.000000, 0.000000, 0.000000, 0.000000, 0.000000, 0.000001, 0.000023
43, 0.000000, 0.000000, 0.000000, 0.000000, 0.000000, 0.000000, 0.000000, 0.000000, 0.000000, 0.000000, 0.000000, 0.000000, 0.000000, 0.000000, 0.000000, 0.000000, 0.000000, 0.000000, 0.000000, 0.000000, 0.000016, 0.000002, 0.000000, 0.000000, 0.000000, 0.000000, 0.000000, 0.000000, 0.000001, 0.000019, 0.000016, 0.000002, 0.000000, 0.000000, 0.000000, 0.000000, 0.000000, 0.000000, 0.000001, 0.000019
44, 0.000000, 0.000000, 0.000000, 0.000000, 0.000000, 0.000000, 0.000000, 0.000000, 0.000000, 0.000000, 0.000000, 0.000000, 0.000000, 0.000000, 0.000000, 0.000000, 0.000000, 0.000000, 0.000000, 0.000000, 0.000013, 0.000002, 0.000000, 0.000000, 0.000000, 0.000000, 0.000000, 0.000000, 0.000000, 0.000016, 0.000013, 0.000002, 0.000000, 0.000000, 0.000000, 0.000000, 0.000000, 0.000000, 0.000000, 0.000016
45, 0.000000, 0.000000, 0.000000, 0.000000, 0.000000, 0.000000, 0.000000, 0.000000, 0.000000, 0.000000, 0.000000, 0.000000, 0.000000, 0.000000, 0.000000, 0.000000, 0.000000, 0.000000, 0.000000, 0.000000, 0.000011, 0.000002, 0.000000, 0.000000, 0.000000, 0.000000, 0.000000, 0.000000, 0.000000, 0.000014, 0.000011, 0.000002, 0.000000, 0.000000, 0.000000, 0.000000, 0.000000, 0.000000, 0.000000, 0.000014
46, 0.000000, 0.000000, 0.000000, 0.000000, 0.000000, 0.000000, 0.000000, 0.000000, 0.000000, 0.000000, 0.000000, 0.000000, 0.000000, 0.000000, 0.000000, 0.000000, 0.000000, 0.000000, 0.000000, 0.000000, 0.000009, 0.000001, 0.000000, 0.000000, 0.000000, 0.000000, 0.000000, 0.000000, 0.000000, 0.000012, 0.000009, 0.000001, 0.000000, 0.000000, 0.000000, 0.000000, 0.000000, 0.000000, 0.000000, 0.000012
47, 0.000000, 0.000000, 0.000000, 0.000000, 0.000000, 0.000000, 0.000000, 0.000000, 0.000000, 0.000000, 0.000000, 0.000000, 0.000000, 0.000000, 0.000000, 0.000000, 0.000000, 0.000000, 0.000000, 0.000000, 0.000008, 0.000001, 0.000000, 0.000000, 0.000000, 0.000000, 0.000000, 0.000000, 0.000000, 0.000010, 0.000008, 0.000001, 0.000000, 0.000000, 0.000000, 0.000000, 0.000000, 0.000000, 0.000000, 0.000010
