hour, heat, smold_frac, plume_bot, plume_top
0, 0.000000, 1.000000, 0.000000, 0.000000
1, 0.000000, 1.000000, 0.000000, 0.000000
2, 0.000000, 1.000000, 0.000000, 0.000000
3, 0.000000, 1.000000, 0.000000, 0.000000
4, 0.000000, 1.000000, 0.000000, 0.000000
5, 0.000000, 1.000000, 0.000000, 0.000000
6, 0.000000, 1.000000, 0.000000, 0.000000
7, 0.000000, 1.000000, 0.000000, 0.000000
8, 0.000000, 1.000000, 0.000000, 0.000000
9, 0.000000, 1.000000, 0.000000, 0.000000
10, 198238.099314, 0.989444, 1.110956, 5.176367
11, 215047.135043, 0.989444, 1.110956, 5.435418
12, 152043.249607, 0.992963, 1.110956, 4.414617
13, 120019.282821, 0.994722, 1.110956, 3.830570
14, 100364.102191, 0.995778, 1.110956, 3.440803
15, 86798.215838, 0.996481, 1.110956, 3.153692
16, 76637.277616, 0.996984, 1.110956, 2.926691
17, 68551.672960, 0.997361, 1.110956, 2.737308
18, 61814.753311, 0.997654, 1.110956, 2.572575
19, 0.000000, 1.000000, 0.000000, 0.000000
20, 0.000000, 1.000000, 0.000000, 0.000000
21, 0.000000, 1.000000, 0.000000, 0.000000
22, 0.000000, 1.000000, 0.000000, 0.000000
23, 0.000000, 1.000000, 0.000000, 0.000000
24, 0.000000, 1.000000, 0.000000, 0.000000
25, 0.000000, 1.000000, 0.000000, 0.000000
26, 0.000000, 1.000000, 0.000000, 0.000000
27, 0.000000, 1.000000, 0.000000, 0.000000
28, 0.000000, 1.000000, 0.000000, 0.000000
29, 0.000000, 1.000000, 0.000000, 0.000000
30, 0.000000, 1.000000, 0.000000, 0.000000
31, 0.000000, 1.000000, 0.000000, 0.000000
32, 0.000000, 1.000000, 0.000000, 0.000000
33, 0.000000, 1.000000, 0.000000, 0.000000
34, 0.000000, 1.000000, 0.000000, 0.000000
35, 0.000000, 1.000000, 0.000000, 0.000000
36, 0.000000, 1.000000, 0.000000, 0.000000
37, 0.000000, 1.000000, 0.000000, 0.000000
38, 0.000000, 1.000000, 0.000000, 0.000000
39, 0.000000, 1.000000, 0.000000, 0.000000
40, 0.000000, 1.000000, 0.000000, 0.000000
41, 0.000000, 1.000000, 0.000000, 0.000000
42, 0.000000, 1.000000, 0.000000, 0.000000
43, 0.000000, 1.000000, 0.000000, 0.000000
44, 0.000000, 1.000000, 0.000000, 0.000000
45, 0.000000, 1.000000, 0.000000, 0.000000
46, 0.000000, 1.000000, 0.000000, 0.000000
47, 0.000000, 1.000000, 0.000000, 0.000000
