hour, heat, smold_frac, plume_bot, plume_top
0, 0.000000, 1.000000, 0.000000, 0.000000
1, 0.000000, 1.000000, 0.000000, 0.000000
2, 0.000000, 1.000000, 0.000000, 0.000000
3, 0.000000, 1.000000, 0.000000, 0.000000
4, 0.000000, 1.000000, 0.000000, 0.000000
5, 0.000000, 1.000000, 0.000000, 0.000000
6, 0.000000, 1.000000, 0.000000, 0.000000
7, 0.000000, 1.000000, 0.000000, 0.000000
8, 0.000000, 1.000000, 0.000000, 0.000000
9, 0.000000, 1.000000, 0.000000, 0.000000
10, 132467.209971, 0.989444, 1.110956, 4.064226
11, 133728.068462, 0.989444, 1.110956, 4.087392
12, 89861.252992, 0.992963, 1.110956, 3.220003
13, 67888.257323, 0.994722, 1.110956, 2.721382
14, 54659.328572, 0.995778, 1.110956, 2.389524
15, 45792.342761, 0.996481, 1.110956, 2.148763
16, 39410.615899, 0.996984, 1.110956, 1.963725
17, 34577.095221, 0.997361, 1.110956, 1.815457
18, 30772.598781, 0.997654, 1.110956, 1.692822
19, 0.000000, 1.000000, 0.000000, 0.000000
20, 0.000000, 1.000000, 0.000000, 0.000000
21, 0.000000, 1.000000, 0.000000, 0.000000
22, 0.000000, 1.000000, 0.000000, 0.000000
23, 0.000000, 1.000000, 0.000000, 0.000000
24, 0.000000, 1.000000, 0.000000, 0.000000
25, 0.000000, 1.000000, 0.000000, 0.000000
26, 0.000000, 1.000000, 0.000000, 0.000000
27, 0.000000, 1.000000, 0.000000, 0.000000
28, 0.000000, 1.000000, 0.000000, 0.000000
29, 0.000000, 1.000000, 0.000000, 0.000000
30, 0.000000, 1.000000, 0.000000, 0.000000
31, 0.000000, 1.000000, 0.000000, 0.000000
32, 0.000000, 1.000000, 0.000000, 0.000000
33, 0.000000, 1.000000, 0.000000, 0.000000
34, 0.000000, 1.000000, 0.000000, 0.000000
35, 0.000000, 1.000000, 0.000000, 0.000000
36, 0.000000, 1.000000, 0.000000, 0.000000
37, 0.000000, 1.000000, 0.000000, 0.000000
38, 0.000000, 1.000000, 0.000000, 0.000000
39, 0.000000, 1.000000, 0.000000, 0.000000
40, 0.000000, 1.000000, 0.000000, 0.000000
41, 0.000000, 1.000000, 0.000000, 0.000000
42, 0.000000, 1.000000, 0.000000, 0.000000
43, 0.000000, 1.000000, 0.000000, 0.000000
44, 0.000000, 1.000000, 0.000000, 0.000000
45, 0.000000, 1.000000, 0.000000, 0.000000
46, 0.000000, 1.000000, 0.000000, 0.000000
47, 0.000000, 1.000000, 0.000000, 0.000000
